581
224
8
526
128
180
287
63
229
802
955
199
75
477
89
657
16
748
805
309
892
747
46
137
307
707
612
610
402
431
110
730
710
268
681
945
401
90
370
664
807
365
539
377
487
482
472
545
428
85
927
672
277
30
625
395
1000
457
721
453
893
603
226
423
244
471
713
982
845
698
832
13
28
14
160
561
685
464
869
934
629
944
564
282
555
49
214
193
172
363
915
403
264
593
917
263
873
219
948
542
946
468
529
795
237
608
191
890
375
881
792
574
975
994
898
442
406
102
474
211
799
493
708
757
891
35
940
397
621
388
506
841
591
943
73
816
774
597
344
208
759
886
495
694
473
92
235
446
959
504
782
912
124
409
620
734
36
170
123
478
864
551
195
204
772
925
515
636
225
70
872
908
67
378
83
387
784
823
29
560
461
537
350
236
556
141
359
416
417
286
719
306
715
517
633
884
494
337
153
341
448
256
462
689
196
691
68
978
613
695
906
777
41
239
684
733
234
101
459
389
532
655
3
663
753
878
97
833
576
868
393
568
109
650
667
801
967
858
746
702
732
785
136
999
995
670
661
449
571
293
207
5
605
369
18
251
682
260
614
754
76
798
84
557
921
118
735